Payment(id=46d9fe6d-6843-4f60-9bc7-28edd325626b, value=PLN 1000.00, properties={}, timestamp=2021-06-07T14:16:16.842684Z, status=STARTED)
Payment(id=7140bb78-c316-4bbf-8e6a-c0ddef977196, value=PLN 1000.00, properties={}, timestamp=2021-06-07T14:46:36.278429Z, status=STARTED)
